0,0
200,-159.675
400,-159.3375
600,-159.225
800,-159.16875
1000,-159.135
1200,-159.1125
1400,-159.09642857142856
1600,-159.084375
1800,-159.075
2000,-159.0675
2200,-159.06136363636364
2400,-159.05625
2600,-159.0519230769231
2800,-159.0482142857143
3000,-159.045
3200,-159.0421875
3400,-159.03970588235293
3600,-159.0375
3800,-159.03552631578947
4000,-159.03375
4200,-159.03214285714284
4400,-159.03068181818182
4600,-159.02934782608696
4800,-159.028125
5000,-159.027
5200,-159.02596153846153
5400,-159.025
5600,-159.02410714285713
5800,-159.02327586206897
6000,-159.0225
6200,-159.0217741935484
6400,-159.02109375
6600,-159.02045454545456
6800,-159.01985294117648
7000,-159.0192857142857
7200,-159.01875
7400,-159.01824324324323
7600,-159.01776315789473
7800,-159.0173076923077
8000,-159.016875
8200,-159.01646341463416
8400,-159.01607142857142
8600,-159.01569767441862
8800,-159.0153409090909
9000,-159.015
9200,-159.01467391304348
9400,-159.01436170212767
9600,-159.0140625
9800,-159.01377551020408
10000,-159.0135
10200,-159.01323529411764
10400,-159.01298076923078
10600,-159.0127358490566
10800,-159.0125
11000,-159.01227272727272
11200,-159.01205357142857
11400,-159.01184210526316
11600,-159.01163793103447
11800,-159.0114406779661
12000,-159.01125
12200,-159.01106557377048
0,0
200,-166.3
400,-169.15
600,-170.1
800,-170.575
1000,-170.86
1200,-171.05
1400,-171.18571428571428
1600,-171.2875
1800,-171.36666666666667
2000,-171.43
2200,-171.48181818181817
2400,-171.525
2600,-171.56153846153848
2800,-171.59285714285716
3000,-171.62
3200,-171.64375
3400,-171.66470588235293
3600,-171.68333333333334
3800,-171.7
4000,-171.715
4200,-171.72857142857143
4400,-171.7409090909091
4600,-171.7521739130435
4800,-171.7625
5000,-171.772
5200,-171.78076923076924
5400,-171.7888888888889
5600,-171.79642857142858
5800,-171.80344827586208
6000,-171.81
6200,-171.81612903225806
6400,-171.821875
6600,-171.8272727272727
6800,-171.83235294117648
7000,-171.83714285714285
7200,-171.84166666666667
7400,-171.84594594594594
7600,-171.85
7800,-171.85384615384615
8000,-171.8575
8200,-171.8609756097561
8400,-171.86428571428573
8600,-171.8674418604651
8800,-171.87045454545455
9000,-171.87333333333333
9200,-171.87608695652173
9400,-171.8787234042553
9600,-171.88125
9800,-171.88367346938776
10000,-171.886
10200,-171.88823529411764
10400,-171.89038461538462
10600,-171.8924528301887
10800,-171.89444444444445
11000,-171.89636363636365
11200,-171.8982142857143
11400,-171.9
11600,-171.90172413793104
11800,-171.90338983050847
12000,-171.905
12200,-171.90655737704918
12400,-171.90806451612903
12600,-171.90952380952382
12800,-171.9109375
13000,-171.9123076923077
13200,-171.91363636363636
13400,-171.91492537313434
13600,-171.91617647058823
0,0
200,-150.15
400,-148.575
600,-148.05
800,-147.7875
1000,-147.63
1200,-147.525
1400,-147.45
1600,-147.39375
1800,-147.35
2000,-147.315
2200,-147.28636363636363
2400,-147.2625
2600,-147.2423076923077
2800,-147.225
3000,-147.21
3200,-147.196875
3400,-147.18529411764706
3600,-147.175
3800,-147.1657894736842
4000,-147.1575
4200,-147.15
4400,-147.14318181818183
4600,-147.13695652173914
4800,-147.13125
5000,-147.126
5200,-147.12115384615385
5400,-147.11666666666667
5600,-147.1125
5800,-147.10862068965517
6000,-147.105
6200,-147.1016129032258
6400,-147.0984375
6600,-147.09545454545454
6800,-147.09264705882353
7000,-147.09
7200,-147.0875
7400,-147.08513513513515
7600,-147.0828947368421
7800,-147.08076923076922
8000,-147.07875
8200,-147.07682926829267
8400,-147.075
8600,-147.0732558139535
8800,-147.0715909090909
9000,-147.07
9200,-147.06847826086957
9400,-147.06702127659574
9600,-147.065625
9800,-147.06428571428572
10000,-147.063
10200,-147.06176470588235
10400,-147.06057692307692
10600,-147.05943396226414
10800,-147.05833333333334
11000,-147.05727272727273
11200,-147.05625
11400,-147.05526315789473
11600,-147.0543103448276
11800,-147.05338983050848
12000,-147.0525
12200,-147.0516393442623
12400,-147.0508064516129
12600,-147.05
12800,-147.04921875
13000,-147.04846153846154
13200,-147.0477272727273
13400,-147.04701492537313
13600,-147.04632352941175
13800,-147.04565217391306
14000,-147.045
14200,-147.0443661971831
14400,-147.04375
14600,-147.0431506849315
14800,-147.04256756756757
15000,-147.042
15200,-147.04144736842105
15400,-147.04090909090908
15600,-147.04038461538462
15800,-147.0398734177215
16000,-147.039375
16200,-147.0388888888889
16400,-147.03841463414633
16600,-147.03795180722892
16800,-147.0375
17000,-147.0370588235294
17200,-147.03662790697675
17400,-147.03620689655173
17600,-147.03579545454545
17800,-147.03539325842698
18000,-147.035
18200,-147.0346153846154
18400,-147.03423913043477
18600,-147.03387096774193
18800,-147.03351063829788
19000,-147.03315789473683
19200,-147.0328125
19400,-147.0324742268041
19600,-147.03214285714284
19800,-147.03181818181818
20000,-147.0315
20200,-147.03118811881188
20400,-147.03088235294118
20600,-147.03058252427184
20800,-147.03028846153848
21000,-147.03
21200,-147.02971698113208
21400,-147.02943925233646
21600,-147.02916666666667
21800,-147.0288990825688
22000,-147.02863636363637
22200,-147.0283783783784
22400,-147.028125
22600,-147.0278761061947
22800,-147.02763157894736
23000,-147.02739130434782
23200,-147.02715517241379
23400,-147.02692307692308
23600,-147.02669491525424
23800,-147.0264705882353
24000,-147.02625
24200,-147.02603305785124
24400,-147.02581967213115
24600,-147.02560975609757
24800,-147.02540322580646
25000,-147.0252
25200,-147.025
25400,-147.0248031496063
25600,-147.024609375
25800,-147.02441860465117
26000,-147.02423076923077
26200,-147.0240458015267
26400,-147.02386363636364
26600,-147.0236842105263
26800,-147.02350746268658
27000,-147.02333333333334
27200,-147.0231617647059
27400,-147.02299270072993
27600,-147.0228260869565
27800,-147.02266187050358
28000,-147.0225
28200,-147.02234042553192
28400,-147.02218309859154
28600,-147.02202797202798
28800,-147.021875
29000,-147.02172413793105
29200,-147.02157534246575
29400,-147.02142857142857
29600,-147.0212837837838
29800,-147.0211409395973
30000,-147.021
30200,-147.0208609271523
30400,-147.02072368421054
30600,-147.02058823529413
30800,-147.02045454545456
31000,-147.02032258064517
31200,-147.0201923076923
31400,-147.02006369426752
31600,-147.01993670886077
31800,-147.0198113207547
32000,-147.0196875
32200,-147.01956521739132
32400,-147.01944444444445
32600,-147.01932515337424
32800,-147.01920731707318
33000,-147.01909090909092
33200,-147.01897590361446
33400,-147.0188622754491
33600,-147.01875
33800,-147.01863905325445
34000,-147.01852941176472
34200,-147.01842105263157
34400,-147.01831395348836
34600,-147.01820809248554
34800,-147.01810344827587
35000,-147.018
35200,-147.01789772727273
35400,-147.01779661016948
35600,-147.01769662921348
35800,-147.01759776536312
36000,-147.0175
36200,-147.01740331491712
36400,-147.0173076923077
36600,-147.0172131147541
36800,-147.0171195652174
37000,-147.01702702702704
37200,-147.01693548387098
37400,-147.0168449197861
37600,-147.01675531914893
37800,-147.01666666666668
38000,-147.01657894736843
38200,-147.01649214659685
38400,-147.01640625
38600,-147.01632124352332
38800,-147.01623711340207
39000,-147.01615384615386
39200,-147.01607142857142
39400,-147.01598984771573
39600,-147.0159090909091
39800,-147.01582914572865
40000,-147.01575
40200,-147.01567164179104
40400,-147.01559405940594
40600,-147.0155172413793
40800,-147.01544117647057
41000,-147.01536585365852
41200,-147.01529126213592
41400,-147.01521739130436
41600,-147.01514423076924
41800,-147.01507177033494
42000,-147.015
42200,-147.0149289099526
42400,-147.01485849056604
42600,-147.01478873239438
42800,-147.01471962616822
43000,-147.0146511627907
43200,-147.01458333333332
43400,-147.01451612903224
43600,-147.0144495412844
43800,-147.01438356164383
44000,-147.01431818181817
44200,-147.01425339366517
44400,-147.01418918918918
44600,-147.0141255605381
44800,-147.0140625
45000,-147.014
45200,-147.01393805309735
45400,-147.01387665198237
45600,-147.01381578947368
45800,-147.01375545851528
46000,-147.0136956521739
46200,-147.01363636363635
46400,-147.0135775862069
46600,-147.01351931330473
46800,-147.01346153846154
47000,-147.01340425531916
47200,-147.0133474576271
47400,-147.0132911392405
47600,-147.01323529411764
47800,-147.013179916318
48000,-147.013125
48200,-147.0130705394191
48400,-147.01301652892562
48600,-147.01296296296297
48800,-147.01290983606557
49000,-147.01285714285714
49200,-147.01280487804877
49400,-147.01275303643726
49600,-147.01270161290321
49800,-147.01265060240965
50000,-147.0126
50200,-147.01254980079682
50400,-147.0125
50600,-147.0124505928854
50800,-147.01240157480314
51000,-147.01235294117646
51200,-147.0123046875
51400,-147.0122568093385
51600,-147.01220930232557
51800,-147.01216216216216
52000,-147.01211538461538
52200,-147.01206896551724
52400,-147.01202290076336
52600,-147.01197718631178
52800,-147.0119318181818
53000,-147.01188679245283
53200,-147.01184210526316
53400,-147.011797752809
53600,-147.01175373134328
53800,-147.0117100371747
54000,-147.01166666666666
54200,-147.01162361623616
54400,-147.01158088235294
54600,-147.01153846153846
54800,-147.01149635036495
55000,-147.01145454545454
55200,-147.01141304347826
55400,-147.01137184115524
55600,-147.0113309352518
55800,-147.01129032258063
56000,-147.01125
56200,-147.0112099644128
56400,-147.01117021276596
56600,-147.01113074204946
56800,-147.01109154929577
57000,-147.01105263157893
57200,-147.01101398601398
57400,-147.0109756097561
57600,-147.0109375
57800,-147.01089965397924
58000,-147.0108620689655
58200,-147.01082474226803
58400,-147.0107876712329
58600,-147.0107508532423
58800,-147.01071428571427
59000,-147.0106779661017
59200,-147.01064189189188
59400,-147.01060606060605
59600,-147.01057046979867
59800,-147.01053511705686
60000,-147.0105
60200,-147.01046511627908
60400,-147.01043046357617
60600,-147.01039603960396
60800,-147.01036184210525
61000,-147.01032786885247
61200,-147.01029411764705
61400,-147.01026058631922
61600,-147.01022727272726
61800,-147.0101941747573
62000,-147.01016129032257
62200,-147.01012861736334
62400,-147.01009615384615
62600,-147.0100638977636
62800,-147.01003184713375
63000,-147.01
63200,-147.00996835443038
63400,-147.00993690851735
63600,-147.00990566037737
63800,-147.00987460815048
64000,-147.00984375
64200,-147.00981308411215
64400,-147.00978260869564
64600,-147.00975232198144
64800,-147.00972222222222
65000,-147.00969230769232
65200,-147.0096625766871
65400,-147.00963302752294
65600,-147.00960365853658
65800,-147.0095744680851
66000,-147.00954545454545
66200,-147.0095166163142
66400,-147.00948795180722
66600,-147.00945945945946
66800,-147.00943113772456
67000,-147.00940298507462
67200,-147.009375
67400,-147.0093471810089
67600,-147.00931952662722
67800,-147.00929203539823
68000,-147.00926470588234
68200,-147.00923753665688
68400,-147.0092105263158
68600,-147.00918367346938
68800,-147.00915697674418
69000,-147.0091304347826
69200,-147.00910404624278
69400,-147.00907780979827
69600,-147.00905172413792
69800,-147.0090257879656
70000,-147.009
70200,-147.00897435897437
70400,-147.00894886363636
70600,-147.00892351274788
70800,-147.00889830508476
71000,-147.0088732394366
71200,-147.00884831460675
71400,-147.00882352941176
71600,-147.00879888268156
71800,-147.00877437325906
72000,-147.00875
72200,-147.00872576177287
72400,-147.00870165745857
72600,-147.0086776859504
72800,-147.00865384615383
73000,-147.0086301369863
73200,-147.00860655737705
73400,-147.00858310626703
73600,-147.0085597826087
73800,-147.00853658536585
74000,-147.00851351351352
74200,-147.00849056603772
74400,-147.00846774193548
74600,-147.00844504021447
74800,-147.00842245989304
75000,-147.0084
75200,-147.00837765957448
75400,-147.00835543766578
75600,-147.00833333333333
75800,-147.00831134564643
76000,-147.00828947368421
76200,-147.00826771653544
76400,-147.00824607329844
76600,-147.00822454308093
76800,-147.008203125
77000,-147.0081818181818
77200,-147.00816062176165
77400,-147.00813953488372
77600,-147.00811855670102
77800,-147.00809768637532
78000,-147.0080769230769
78200,-147.00805626598466
78400,-147.0080357142857
78600,-147.00801526717558
78800,-147.00799492385786
79000,-147.0079746835443
79200,-147.00795454545454
79400,-147.00793450881613
79600,-147.0079145728643
79800,-147.0078947368421
80000,-147.007875
80200,-147.007855361596
80400,-147.00783582089554
80600,-147.00781637717122
80800,-147.00779702970297
81000,-147.0077777777778
81200,-147.00775862068966
81400,-147.00773955773957
81600,-147.0077205882353
81800,-147.00770171149145
82000,-147.00768292682926
82200,-147.00766423357663
82400,-147.00764563106796
82600,-147.00762711864408
82800,-147.00760869565218
83000,-147.00759036144578
83200,-147.00757211538462
83400,-147.00755395683453
83600,-147.00753588516747
83800,-147.00751789976132
84000,-147.0075
84200,-147.00748218527315
84400,-147.00746445497631
84600,-147.00744680851065
84800,-147.00742924528302
85000,-147.0074117647059
85200,-147.0073943661972
85400,-147.00737704918032
85600,-147.00735981308412
85800,-147.00734265734266
86000,-147.00732558139535
86200,-147.00730858468677
86400,-147.00729166666667
86600,-147.00727482678982
86800,-147.00725806451612
87000,-147.00724137931036
87200,-147.0072247706422
87400,-147.00720823798628
87600,-147.00719178082193
87800,-147.00717539863325
88000,-147.00715909090908
88200,-147.00714285714287
88400,-147.0071266968326
88600,-147.0071106094808
88800,-147.0070945945946
89000,-147.0070786516854
89200,-147.00706278026905
89400,-147.00704697986578
89600,-147.00703125
89800,-147.00701559020044
90000,-147.007
90200,-147.0069844789357
90400,-147.00696902654866
90600,-147.0069536423841
90800,-147.0069383259912
91000,-147.00692307692307
91200,-147.00690789473686
91400,-147.00689277899343
91600,-147.00687772925764
91800,-147.00686274509803
92000,-147.00684782608695
92200,-147.00683297180043
92400,-147.00681818181818
92600,-147.00680345572354
92800,-147.00678879310345
93000,-147.00677419354838
93200,-147.00675965665235
93400,-147.00674518201285
93600,-147.00673076923076
93800,-147.00671641791044
94000,-147.00670212765957
94200,-147.00668789808918
94400,-147.00667372881355
94600,-147.00665961945032
94800,-147.00664556962025
95000,-147.00663157894738
95200,-147.00661764705882
95400,-147.0066037735849
95600,-147.006589958159
95800,-147.00657620041753
96000,-147.0065625
96200,-147.00654885654885
96400,-147.00653526970953
96600,-147.00652173913045
96800,-147.0065082644628
97000,-147.00649484536083
97200,-147.00648148148147
97400,-147.0064681724846
97600,-147.00645491803277
97800,-147.0064417177914
98000,-147.00642857142856
98200,-147.00641547861508
98400,-147.00640243902438
98600,-147.00638945233266
98800,-147.00637651821862
99000,-147.00636363636363
99200,-147.00635080645162
99400,-147.006338028169
99600,-147.0063253012048
99800,-147.0063126252505
100000,-147.0063
100200,-147.0062874251497
100400,-147.0062749003984
100600,-147.00626242544732
100800,-147.00625
101000,-147.0062376237624
101200,-147.0062252964427
101400,-147.0062130177515
101600,-147.00620078740158
101800,-147.00618860510806
102000,-147.00617647058823
102200,-147.00616438356164
102400,-147.00615234375
102600,-147.0061403508772
102800,-147.00612840466925
103000,-147.00611650485436
103200,-147.0061046511628
103400,-147.00609284332688
103600,-147.00608108108108
103800,-147.00606936416185
104000,-147.0060576923077
104200,-147.0060460652591
104400,-147.00603448275862
104600,-147.00602294455066
104800,-147.0060114503817
105000,-147.006
105200,-147.0059885931559
105400,-147.0059772296015
105600,-147.00596590909092
105800,-147.00595463137995
106000,-147.00594339622643
106200,-147.00593220338982
106400,-147.00592105263158
106600,-147.0059099437148
106800,-147.0058988764045
107000,-147.0058878504673
107200,-147.00587686567164
107400,-147.00586592178772
107600,-147.00585501858737
107800,-147.00584415584416
108000,-147.00583333333333
108200,-147.0058225508318
108400,-147.00581180811807
108600,-147.00580110497236
108800,-147.00579044117646
109000,-147.00577981651375
109200,-147.00576923076923
109400,-147.00575868372943
109600,-147.00574817518248
109800,-147.00573770491803
110000,-147.00572727272728
110200,-147.0057168784029
110400,-147.00570652173914
110600,-147.00569620253165
110800,-147.0056859205776
111000,-147.0056756756757
111200,-147.0056654676259
111400,-147.0056552962298
111600,-147.00564516129032
111800,-147.00563506261182
112000,-147.005625
112200,-147.00561497326203
112400,-147.0056049822064
112600,-147.005595026643
112800,-147.00558510638297
113000,-147.00557522123893
113200,-147.00556537102474
113400,-147.00555555555556
113600,-147.00554577464789
113800,-147.0055360281195
114000,-147.00552631578947
114200,-147.0055166374781
114400,-147.005506993007
114600,-147.00549738219894
114800,-147.00548780487804
115000,-147.00547826086955
115200,-147.00546875
115400,-147.00545927209706
115600,-147.00544982698963
115800,-147.00544041450777
116000,-147.00543103448277
116200,-147.00542168674698
116400,-147.005412371134
116600,-147.00540308747856
116800,-147.00539383561645
117000,-147.00538461538463
117200,-147.00537542662116
117400,-147.00536626916525
117600,-147.00535714285715
117800,-147.0053480475382
118000,-147.00533898305085
118200,-147.0053299492386
118400,-147.00532094594595
118600,-147.00531197301854
118800,-147.00530303030303
119000,-147.00529411764705
119200,-147.00528523489933
119400,-147.00527638190954
119600,-147.00526755852843
119800,-147.00525876460767
120000,-147.00525
120200,-147.00524126455906
120400,-147.00523255813954
120600,-147.00522388059701
120800,-147.00521523178807
121000,-147.00520661157026
121200,-147.00519801980198
121400,-147.00518945634266
121600,-147.00518092105264
121800,-147.0051724137931
122000,-147.00516393442624
122200,-147.00515548281507
122400,-147.00514705882352
122600,-147.00513866231648
122800,-147.0051302931596
123000,-147.0051219512195
123200,-147.00511363636363
123400,-147.0051053484603
123600,-147.00509708737863
123800,-147.00508885298868
124000,-147.00508064516129
124200,-147.00507246376813
124400,-147.00506430868168
124600,-147.0050561797753
124800,-147.0050480769231
125000,-147.00504
125200,-147.0050319488818
125400,-147.00502392344498
125600,-147.00501592356687
125800,-147.0050079491256
126000,-147.005
126200,-147.00499207606973
126400,-147.0049841772152
126600,-147.00497630331753
126800,-147.0049684542587
127000,-147.00496062992127
127200,-147.00495283018867
127400,-147.00494505494507
127600,-147.00493730407524
127800,-147.0049295774648
128000,-147.004921875
128200,-147.00491419656785
128400,-147.00490654205606
128600,-147.00489891135302
128800,-147.00489130434784
129000,-147.00488372093022
129200,-147.0048761609907
129400,-147.0048686244204
129600,-147.0048611111111
129800,-147.00485362095532
130000,-147.00484615384616
130200,-147.00483870967741
130400,-147.00483128834355
130600,-147.00482388973967
130800,-147.00481651376145
131000,-147.00480916030534
131200,-147.0048018292683
131400,-147.00479452054793
131600,-147.00478723404257
131800,-147.004779969651
132000,-147.00477272727272
132200,-147.00476550680787
132400,-147.0047583081571
132600,-147.00475113122172
132800,-147.0047439759036
133000,-147.00473684210527
133200,-147.00472972972972
133400,-147.00472263868065
133600,-147.00471556886228
133800,-147.00470852017938
134000,-147.00470149253732
134200,-147.00469448584204
134400,-147.0046875
134600,-147.00468053491826
134800,-147.00467359050444
135000,-147.00466666666668
135200,-147.0046597633136
135400,-147.0046528803545
135600,-147.00464601769912
135800,-147.00463917525772
136000,-147.00463235294117
136200,-147.0046255506608
136400,-147.00461876832844
136600,-147.00461200585653
136800,-147.00460526315788
137000,-147.004598540146
137200,-147.0045918367347
137400,-147.00458515283842
137600,-147.0045784883721
137800,-147.00457184325109
138000,-147.0045652173913
138200,-147.00455861070913
138400,-147.0045520231214
138600,-147.00454545454545
138800,-147.00453890489914
139000,-147.0045323741007
139200,-147.00452586206896
139400,-147.0045193687231
139600,-147.00451289398282
139800,-147.00450643776824
140000,-147.0045
140200,-147.00449358059913
140400,-147.00448717948717
140600,-147.00448079658605
140800,-147.00447443181818
141000,-147.0044680851064
141200,-147.00446175637393
141400,-147.00445544554455
141600,-147.00444915254238
141800,-147.00444287729195
142000,-147.00443661971832
142200,-147.00443037974682
142400,-147.00442415730336
142600,-147.00441795231416
142800,-147.00441176470588
143000,-147.0044055944056
143200,-147.00439944134078
143400,-147.00439330543932
143600,-147.00438718662951
143800,-147.00438108484005
144000,-147.004375
144200,-147.00436893203883
144400,-147.00436288088642
144600,-147.00435684647303
144800,-147.0043508287293
145000,-147.0043448275862
145200,-147.00433884297522
145400,-147.00433287482807
145600,-147.00432692307692
145800,-147.00432098765432
146000,-147.00431506849316
146200,-147.00430916552668
146400,-147.00430327868852
146600,-147.00429740791267
146800,-147.00429155313353
147000,-147.00428571428571
147200,-147.00427989130435
147400,-147.00427408412483
147600,-147.00426829268292
147800,-147.00426251691474
148000,-147.00425675675675
148200,-147.00425101214574
148400,-147.00424528301886
148600,-147.0042395693136
148800,-147.00423387096774
149000,-147.00422818791947
149200,-147.00422252010725
149400,-147.0042168674699
149600,-147.00421122994652
149800,-147.00420560747665
150000,-147.0042
150200,-147.00419440745674
150400,-147.00418882978724
150600,-147.00418326693227
150800,-147.0041777188329
151000,-147.00417218543046
151200,-147.00416666666666
151400,-147.00416116248348
151600,-147.00415567282323
151800,-147.00415019762846
152000,-147.0041447368421
152200,-147.00413929040735
152400,-147.00413385826772
152600,-147.00412844036697
152800,-147.00412303664922
153000,-147.00411764705882
153200,-147.00411227154046
153400,-147.00410691003913
153600,-147.0041015625
153800,-147.00409622886866
154000,-147.0040909090909
154200,-147.00408560311283
154400,-147.00408031088082
154600,-147.00407503234152
154800,-147.00406976744185
155000,-147.00406451612903
155200,-147.00405927835052
155400,-147.00405405405405
155600,-147.00404884318766
155800,-147.00404364569962
156000,-147.00403846153847
156200,-147.004033290653
156400,-147.00402813299232
156600,-147.00402298850574
156800,-147.00401785714286
157000,-147.0040127388535
157200,-147.00400763358778
157400,-147.00400254129607
157600,-147.00399746192895
157800,-147.00399239543725
158000,-147.00398734177216
158200,-147.00398230088496
158400,-147.00397727272727
158600,-147.00397225725095
158800,-147.00396725440805
159000,-147.00396226415094
159200,-147.00395728643215
159400,-147.0039523212045
159600,-147.00394736842105
159800,-147.00394242803503
160000,-147.0039375
160200,-147.00393258426968
160400,-147.003927680798
160600,-147.00392278953922
160800,-147.00391791044777
161000,-147.00391304347826
161200,-147.0039081885856
161400,-147.0039033457249
161600,-147.00389851485147
161800,-147.00389369592088
162000,-147.0038888888889
162200,-147.00388409371146
162400,-147.00387931034481
162600,-147.00387453874538
162800,-147.00386977886978
163000,-147.00386503067486
163200,-147.00386029411766
163400,-147.00385556915543
163600,-147.00385085574572
163800,-147.00384615384615
164000,-147.00384146341463
164200,-147.00383678440926
164400,-147.00383211678832
164600,-147.00382746051034
164800,-147.003822815534
165000,-147.0038181818182
165200,-147.00381355932203
165400,-147.00380894800483
165600,-147.00380434782608
165800,-147.0037997587455
166000,-147.0037951807229
166200,-147.00379061371842
166400,-147.0037860576923
166600,-147.00378151260503
166800,-147.00377697841728
167000,-147.00377245508983
167200,-147.00376794258372
167400,-147.0037634408602
167600,-147.00375894988068
167800,-147.00375446960666
168000,-147.00375
168200,-147.0037455410226
168400,-147.00374109263657
168600,-147.00373665480427
168800,-147.00373222748814
169000,-147.0037278106509
169200,-147.0037234042553
169400,-147.00371900826445
169600,-147.0037146226415
169800,-147.00371024734983
170000,-147.00370588235293
170200,-147.00370152761457
170400,-147.00369718309858
170600,-147.00369284876905
170800,-147.00368852459016
171000,-147.0036842105263
171200,-147.00367990654206
171400,-147.0036756126021
171600,-147.00367132867132
171800,-147.00366705471478
172000,-147.00366279069766
172200,-147.00365853658536
172400,-147.00365429234338
172600,-147.00365005793742
172800,-147.00364583333334
173000,-147.0036416184971
173200,-147.00363741339493
173400,-147.00363321799307
173600,-147.00362903225806
173800,-147.0036248561565
174000,-147.00362068965518
174200,-147.003616532721
174400,-147.0036123853211
174600,-147.00360824742268
174800,-147.00360411899314
175000,-147.0036
175200,-147.00359589041096
175400,-147.00359179019384
175600,-147.00358769931663
175800,-147.00358361774744
176000,-147.00357954545456
176200,-147.00357548240635
176400,-147.00357142857143
176600,-147.00356738391847
176800,-147.0035633484163
177000,-147.0035593220339
177200,-147.00355530474042
177400,-147.00355129650507
177600,-147.0035472972973
177800,-147.0035433070866
178000,-147.0035393258427
178200,-147.00353535353534
178400,-147.00353139013453
178600,-147.0035274356103
178800,-147.0035234899329
179000,-147.00351955307264
179200,-147.003515625
179400,-147.0035117056856
179600,-147.00350779510023
179800,-147.00350389321468
180000,-147.0035
180200,-147.0034961154273
180400,-147.00349223946785
180600,-147.00348837209302
180800,-147.00348451327434
181000,-147.00348066298343
181200,-147.00347682119207
181400,-147.0034729878721
181600,-147.0034691629956
181800,-147.00346534653465
182000,-147.00346153846155
182200,-147.00345773874864
182400,-147.00345394736843
182600,-147.00345016429353
182800,-147.00344638949673
183000,-147.00344262295081
183200,-147.00343886462883
183400,-147.00343511450382
183600,-147.00343137254902
183800,-147.00342763873775
184000,-147.0034239130435
184200,-147.00342019543973
184400,-147.0034164859002
184600,-147.0034127843987
184800,-147.0034090909091
185000,-147.0034054054054
185200,-147.00340172786176
185400,-147.00339805825243
185600,-147.00339439655173
185800,-147.00339074273413
186000,-147.0033870967742
186200,-147.00338345864662
186400,-147.0033798283262
186600,-147.0033762057878
186800,-147.0033725910064
187000,-147.00336898395722
187200,-147.0033653846154
187400,-147.00336179295624
187600,-147.00335820895523
187800,-147.00335463258787
188000,-147.0033510638298
188200,-147.00334750265674
188400,-147.0033439490446
188600,-147.00334040296926
188800,-147.00333686440678
189000,-147.00333333333333
189200,-147.00332980972516
189400,-147.00332629355862
189600,-147.00332278481014
189800,-147.00331928345628
190000,-147.00331578947367
190200,-147.0033123028391
190400,-147.0033088235294
190600,-147.0033053515215
190800,-147.00330188679246
191000,-147.00329842931936
191200,-147.0032949790795
191400,-147.00329153605017
191600,-147.00328810020878
191800,-147.00328467153284
192000,-147.00328125
192200,-147.00327783558794
192400,-147.00327442827444
192600,-147.00327102803737
192800,-147.00326763485478
193000,-147.00326424870465
193200,-147.00326086956522
193400,-147.0032574974147
193600,-147.0032541322314
193800,-147.0032507739938
194000,-147.0032474226804
194200,-147.00324407826983
194400,-147.00324074074075
194600,-147.00323741007193
194800,-147.0032340862423
195000,-147.00323076923078
195200,-147.0032274590164
195400,-147.0032241555783
195600,-147.0032208588957
195800,-147.00321756894792
196000,-147.00321428571428
196200,-147.00321100917432
196400,-147.00320773930753
196600,-147.0032044760936
196800,-147.0032012195122
197000,-147.00319796954315
197200,-147.00319472616633
197400,-147.0031914893617
197600,-147.00318825910932
197800,-147.0031850353893
198000,-147.00318181818182
198200,-147.0031786074672
198400,-147.0031754032258
198600,-147.00317220543806
198800,-147.0031690140845
199000,-147.00316582914573
199200,-147.0031626506024
199400,-147.0031594784353
199600,-147.00315631262524
199800,-147.00315315315316
200000,-147.00315
200200,-147.00314685314686
200400,-147.00314371257485
200600,-147.0031405782652
200800,-147.0031374501992
201000,-147.00313432835821
201200,-147.00313121272364
201400,-147.00312810327705
201600,-147.003125
201800,-147.00312190287414
202000,-147.0031188118812
202200,-147.00311572700298
202400,-147.00311264822133
202600,-147.00310957551827
202800,-147.00310650887573
203000,-147.00310344827585
203200,-147.00310039370078
203400,-147.00309734513274
203600,-147.00309430255402
203800,-147.003091265947
204000,-147.00308823529411
204200,-147.00308521057786
204400,-147.00308219178083
204600,-147.00307917888563
204800,-147.003076171875
205000,-147.0030731707317
205200,-147.0030701754386
205400,-147.00306718597858
205600,-147.00306420233463
205800,-147.00306122448978
206000,-147.0030582524272
206200,-147.00305528612998
206400,-147.0030523255814
206600,-147.00304937076476
206800,-147.00304642166344
207000,-147.00304347826088
207200,-147.00304054054055
207400,-147.003037608486
207600,-147.00303468208094
207800,-147.00303176130896
208000,-147.00302884615385
208200,-147.0030259365994
208400,-147.00302303262956
208600,-147.0030201342282
208800,-147.0030172413793
209000,-147.00301435406698
209200,-147.00301147227535
209400,-147.00300859598855
209600,-147.00300572519083
209800,-147.00300285986654
210000,-147.003
210200,-147.00299714557565
210400,-147.00299429657795
210600,-147.00299145299147
210800,-147.00298861480076
211000,-147.00298578199053
211200,-147.00298295454544
211400,-147.00298013245032
211600,-147.00297731568998
211800,-147.0029745042493
212000,-147.0029716981132
212200,-147.00296889726673
212400,-147.0029661016949
212600,-147.00296331138287
212800,-147.0029605263158
213000,-147.00295774647887
213200,-147.0029549718574
213400,-147.00295220243675
213600,-147.00294943820225
213800,-147.00294667913937
214000,-147.00294392523364
214200,-147.00294117647059
214400,-147.00293843283583
214600,-147.002935694315
214800,-147.00293296089384
215000,-147.00293023255813
215200,-147.00292750929367
215400,-147.00292479108634
215600,-147.00292207792208
215800,-147.00291936978684
216000,-147.00291666666666
216200,-147.00291396854763
216400,-147.0029112754159
216600,-147.00290858725762
216800,-147.00290590405905
217000,-147.00290322580645
217200,-147.00290055248618
217400,-147.00289788408463
217600,-147.00289522058824
217800,-147.00289256198346
218000,-147.0028899082569
218200,-147.00288725939504
218400,-147.0028846153846
218600,-147.00288197621225
218800,-147.0028793418647
219000,-147.00287671232877
219200,-147.00287408759124
219400,-147.002871467639
219600,-147.00286885245902
219800,-147.0028662420382
220000,-147.00286363636363
220200,-147.00286103542234
220400,-147.00285843920145
220600,-147.00285584768812
220800,-147.00285326086956
221000,-147.00285067873304
221200,-147.0028481012658
221400,-147.00284552845528
221600,-147.0028429602888
221800,-147.00284039675384
222000,-147.00283783783783
222200,-147.00283528352836
222400,-147.00283273381294
222600,-147.00283018867924
222800,-147.0028276481149
223000,-147.00282511210762
223200,-147.00282258064516
223400,-147.0028200537153
223600,-147.0028175313059
223800,-147.0028150134048
224000,-147.0028125
224200,-147.0028099910794
224400,-147.002807486631
224600,-147.00280498664293
224800,-147.0028024911032
225000,-147.0028
225200,-147.0027975133215
225400,-147.0027950310559
225600,-147.00279255319148
225800,-147.00279007971656
226000,-147.00278761061946
226200,-147.0027851458886
226400,-147.00278268551236
226600,-147.00278022947927
226800,-147.00277777777777
227000,-147.00277533039647
227200,-147.00277288732394
227400,-147.0027704485488
227600,-147.00276801405977
227800,-147.00276558384547
228000,-147.00276315789475
228200,-147.0027607361963
228400,-147.00275831873904
228600,-147.0027559055118
228800,-147.0027534965035
229000,-147.00275109170306
229200,-147.00274869109947
229400,-147.00274629468177
229600,-147.00274390243902
229800,-147.0027415143603
230000,-147.00273913043478
230200,-147.00273675065162
230400,-147.002734375
230600,-147.00273200346922
230800,-147.0027296360485
231000,-147.00272727272727
231200,-147.0027249134948
231400,-147.00272255834054
231600,-147.00272020725387
231800,-147.00271786022432
232000,-147.00271551724137
232200,-147.00271317829458
232400,-147.0027108433735
232600,-147.00270851246776
232800,-147.002706185567
233000,-147.00270386266095
233200,-147.00270154373928
233400,-147.00269922879178
233600,-147.0026969178082
233800,-147.00269461077843
234000,-147.0026923076923
234200,-147.0026900085397
234400,-147.0026877133106
234600,-147.0026854219949
234800,-147.0026831345826
235000,-147.00268085106384
235200,-147.00267857142856
235400,-147.00267629566696
235600,-147.0026740237691
235800,-147.0026717557252
236000,-147.0026694915254
236200,-147.00266723116005
236400,-147.00266497461928
236600,-147.0026627218935
236800,-147.00266047297296
237000,-147.0026582278481
237200,-147.00265598650927
237400,-147.00265374894693
237600,-147.0026515151515
237800,-147.00264928511353
238000,-147.00264705882353
238200,-147.00264483627205
238400,-147.00264261744965
238600,-147.00264040234703
238800,-147.00263819095477
239000,-147.0026359832636
239200,-147.00263377926422
239400,-147.00263157894736
239600,-147.00262938230384
239800,-147.00262718932444
240000,-147.002625
240200,-147.0026228143214
240400,-147.00262063227953
240600,-147.00261845386532
240800,-147.00261627906977
241000,-147.00261410788383
241200,-147.00261194029852
241400,-147.0026097763049
241600,-147.00260761589405
241800,-147.00260545905707
242000,-147.00260330578513
242200,-147.00260115606937
242400,-147.002599009901
242600,-147.00259686727122
242800,-147.00259472817135
243000,-147.0025925925926
243200,-147.0025904605263
243400,-147.00258833196384
243600,-147.00258620689655
243800,-147.00258408531585
244000,-147.0025819672131
244200,-147.00257985257986
244400,-147.00257774140752
244600,-147.00257563368766
244800,-147.00257352941176
245000,-147.00257142857143
245200,-147.00256933115824
245400,-147.00256723716382
245600,-147.0025651465798
245800,-147.0025630593979
246000,-147.00256097560975
246200,-147.00255889520716
246400,-147.00255681818183
246600,-147.00255474452555
246800,-147.00255267423015
247000,-147.00255060728745
247200,-147.00254854368933
247400,-147.00254648342764
247600,-147.00254442649435
247800,-147.00254237288135
248000,-147.00254032258064
248200,-147.00253827558421
248400,-147.00253623188405
248600,-147.00253419147225
248800,-147.00253215434083
249000,-147.00253012048194
249200,-147.00252808988765
249400,-147.00252606255012
249600,-147.00252403846153
249800,-147.0025220176141
250000,-147.00252
250200,-147.00251798561152
250400,-147.00251597444088
250600,-147.00251396648045
250800,-147.0025119617225
251000,-147.00250996015936
251200,-147.00250796178344
251400,-147.0025059665871
251600,-147.00250397456279
251800,-147.00250198570293
252000,-147.0025
252200,-147.00249801744647
252400,-147.00249603803488
252600,-147.00249406175772
252800,-147.0024920886076
253000,-147.00249011857707
253200,-147.00248815165878
253400,-147.0024861878453
253600,-147.00248422712934
253800,-147.00248226950356
254000,-147.00248031496062
254200,-147.0024783634933
254400,-147.00247641509435
254600,-147.0024744697565
254800,-147.00247252747252
255000,-147.0024705882353
255200,-147.0024686520376
255400,-147.00246671887237
255600,-147.0024647887324
255800,-147.00246286161064
256000,-147.0024609375
256200,-147.00245901639343
256400,-147.00245709828394
256600,-147.00245518316447
256800,-147.00245327102803
257000,-147.0024513618677
257200,-147.00244945567653
257400,-147.00244755244756
257600,-147.00244565217392
257800,-147.0024437548487
258000,-147.00244186046513
258200,-147.00243996901628
258400,-147.00243808049535
258600,-147.00243619489558
258800,-147.0024343122102
259000,-147.00243243243244
259200,-147.00243055555555
259400,-147.00242868157287
259600,-147.00242681047766
259800,-147.00242494226327
260000,-147.00242307692307
260200,-147.00242121445044
260400,-147.0024193548387
260600,-147.00241749808134
260800,-147.00241564417178
261000,-147.00241379310344
261200,-147.00241194486983
261400,-147.0024100994644
261600,-147.00240825688073
261800,-147.0024064171123
262000,-147.00240458015267
262200,-147.00240274599543
262400,-147.00240091463414
262600,-147.00239908606244
262800,-147.00239726027397
263000,-147.00239543726235
263200,-147.00239361702128
263400,-147.00239179954443
263600,-147.0023899848255
263800,-147.00238817285822
264000,-147.00238636363636
264200,-147.00238455715368
264400,-147.00238275340394
264600,-147.00238095238095
264800,-147.00237915407854
265000,-147.00237735849058
265200,-147.00237556561086
265400,-147.0023737754333
265600,-147.00237198795182
265800,-147.00237020316027
266000,-147.00236842105264
266200,-147.00236664162284
266400,-147.00236486486486
266600,-147.0023630907727
266800,-147.00236131934034
267000,-147.0023595505618
267200,-147.00235778443113
267400,-147.00235602094241
267600,-147.00235426008967
267800,-147.00235250186705
268000,-147.00235074626866
268200,-147.0023489932886
268400,-147.00234724292102
268600,-147.00234549516009
268800,-147.00234375
269000,-147.00234200743495
269200,-147.00234026745915
269400,-147.00233853006682
269600,-147.00233679525223
269800,-147.00233506300964
270000,-147.00233333333333
270200,-147.0023316062176
270400,-147.0023298816568
270600,-147.00232815964523
270800,-147.00232644017726
271000,-147.00232472324723
271200,-147.00232300884954
271400,-147.00232129697864
271600,-147.00231958762888
271800,-147.0023178807947
272000,-147.0023161764706
272200,-147.002314474651
272400,-147.0023127753304
272600,-147.0023110785033
272800,-147.00230938416422
273000,-147.00230769230768
273200,-147.00230600292826
273400,-147.00230431602048
273600,-147.00230263157894
273800,-147.00230094959824
274000,-147.002299270073
274200,-147.00229759299782
274400,-147.00229591836734
274600,-147.00229424617626
274800,-147.00229257641922
275000,-147.0022909090909
275200,-147.00228924418604
275400,-147.00228758169933
275600,-147.00228592162554
275800,-147.00228426395938
276000,-147.00228260869565
276200,-147.00228095582912
276400,-147.00227930535456
276600,-147.0022776572668
276800,-147.0022760115607
277000,-147.00227436823104
277200,-147.00227272727273
277400,-147.0022710886806
277600,-147.00226945244958
277800,-147.00226781857452
278000,-147.00226618705037
278200,-147.00226455787202
278400,-147.0022629310345
278600,-147.00226130653266
278800,-147.00225968436155
279000,-147.00225806451613
279200,-147.0022564469914
279400,-147.00225483178238
279600,-147.0022532188841
279800,-147.00225160829163
280000,-147.00225
280200,-147.00224839400428
280400,-147.00224679029958
280600,-147.00224518888098
280800,-147.00224358974359
281000,-147.00224199288257
281200,-147.00224039829303
281400,-147.00223880597014
281600,-147.0022372159091
281800,-147.00223562810504
282000,-147.0022340425532
282200,-147.00223245924877
282400,-147.00223087818696
282600,-147.00222929936305
282800,-147.0022277227723
283000,-147.0022261484099
283200,-147.00222457627117
283400,-147.00222300635144
283600,-147.002221438646
283800,-147.0022198731501
284000,-147.00221830985916
284200,-147.00221674876846
284400,-147.00221518987343
284600,-147.00221363316936
284800,-147.0022120786517
285000,-147.0022105263158
285200,-147.00220897615708
285400,-147.00220742817098
285600,-147.00220588235294
285800,-147.0022043386984
286000,-147.00220279720278
286200,-147.00220125786163
286400,-147.0021997206704
286600,-147.00219818562456
286800,-147.00219665271968
287000,-147.00219512195122
287200,-147.00219359331476
287400,-147.00219206680583
287600,-147.00219054242004
287800,-147.00218902015288
288000,-147.0021875
288200,-147.00218598195698
288400,-147.00218446601943
288600,-147.00218295218295
288800,-147.00218144044322
289000,-147.00217993079585
289200,-147.0021784232365
289400,-147.0021769177609
289600,-147.00217541436464
289800,-147.0021739130435
290000,-147.0021724137931
290200,-147.00217091660923
290400,-147.0021694214876
290600,-147.00216792842394
290800,-147.00216643741402
291000,-147.0021649484536
291200,-147.00216346153846
291400,-147.00216197666438
291600,-147.00216049382715
291800,-147.0021590130226
292000,-147.00215753424658
292200,-147.00215605749486
292400,-147.00215458276332
292600,-147.00215311004786
292800,-147.00215163934425
293000,-147.00215017064846
293200,-147.00214870395635
293400,-147.0021472392638
293600,-147.00214577656675
293800,-147.00214431586113
294000,-147.00214285714284
294200,-147.00214140040788
294400,-147.00213994565217
294600,-147.0021384928717
294800,-147.00213704206243
295000,-147.00213559322034
295200,-147.00213414634146
295400,-147.0021327014218
295600,-147.00213125845738
295800,-147.00212981744423
296000,-147.0021283783784
296200,-147.0021269412559
296400,-147.00212550607287
296600,-147.00212407282535
296800,-147.00212264150943
297000,-147.0021212121212
297200,-147.0021197846568
297400,-147.0021183591123
297600,-147.00211693548388
297800,-147.00211551376762
298000,-147.00211409395973
298200,-147.00211267605633
298400,-147.00211126005362
298600,-147.00210984594776
298800,-147.00210843373495
299000,-147.00210702341138
299200,-147.00210561497326
299400,-147.00210420841682
299600,-147.00210280373832
299800,-147.00210140093395
300000,-147.0021
300200,-147.0020986009327
300400,-147.00209720372837
300600,-147.00209580838325
300800,-147.0020944148936
301000,-147.0020930232558
301200,-147.00209163346614
301400,-147.0020902455209
301600,-147.00208885941643
301800,-147.0020874751491
302000,-147.00208609271525
302200,-147.00208471211118
302400,-147.00208333333333
302600,-147.00208195637805
302800,-147.00208058124176
303000,-147.0020792079208
303200,-147.00207783641162
303400,-147.0020764667106
303600,-147.00207509881423
303800,-147.00207373271888
304000,-147.00207236842104
304200,-147.00207100591717
304400,-147.00206964520368
304600,-147.00206828627708
304800,-147.00206692913386
305000,-147.0020655737705
305200,-147.00206422018348
305400,-147.00206286836936
305600,-147.0020615183246
305800,-147.00206017004578
306000,-147.0020588235294
306200,-147.00205747877203
306400,-147.00205613577023
306600,-147.00205479452055
306800,-147.00205345501956
307000,-147.00205211726384
307200,-147.00205078125
307400,-147.00204944697464
307600,-147.00204811443433
307800,-147.00204678362573
308000,-147.00204545454545
308200,-147.00204412719015
308400,-147.00204280155643
308600,-147.00204147764097
308800,-147.00204015544043
309000,-147.00203883495146
309200,-147.00203751617076
309400,-147.00203619909502
309600,-147.00203488372094
309800,-147.0020335700452
310000,-147.0020322580645
310200,-147.00203094777564
310400,-147.00202963917525
310600,-147.00202833226015
310800,-147.00202702702703
311000,-147.00202572347266
311200,-147.00202442159383
311400,-147.00202312138728
311600,-147.0020218228498
311800,-147.0020205259782
312000,-147.00201923076924
312200,-147.00201793721973
312400,-147.0020166453265
312600,-147.00201535508637
312800,-147.00201406649617
313000,-147.00201277955273
313200,-147.00201149425288
313400,-147.00201021059348
313600,-147.00200892857143
313800,-147.00200764818356
314000,-147.00200636942674
314200,-147.0020050922979
314400,-147.0020038167939
314600,-147.00200254291164
314800,-147.00200127064804
315000,-147.002
315200,-147.00199873096446
315400,-147.00199746353837
315600,-147.00199619771863
315800,-147.0019949335022
316000,-147.00199367088607
316200,-147.00199240986717
316400,-147.00199115044248
316600,-147.00198989260898
316800,-147.00198863636365
317000,-147.00198738170346
317200,-147.00198612862548
317400,-147.00198487712666
317600,-147.00198362720403
317800,-147.00198237885462
318000,-147.00198113207549
318200,-147.0019798868636
318400,-147.0019786432161
318600,-147.00197740112995
318800,-147.00197616060225
319000,-147.0019749216301
319200,-147.00197368421053
319400,-147.00197244834064
319600,-147.00197121401752
319800,-147.00196998123826
320000,-147.00196875
320200,-147.00196752029981
320400,-147.00196629213482
320600,-147.0019650655022
320800,-147.00196384039901
321000,-147.00196261682242
321200,-147.0019613947696
321400,-147.00196017423772
321600,-147.00195895522387
321800,-147.0019577377253
322000,-147.00195652173912
322200,-147.00195530726256
322400,-147.0019540942928
322600,-147.00195288282703
322800,-147.00195167286245
323000,-147.0019504643963
323200,-147.00194925742574
323400,-147.00194805194806
323600,-147.00194684796045
323800,-147.00194564546015
324000,-147.00194444444443
324200,-147.00194324491054
324400,-147.00194204685573
324600,-147.00194085027726
324800,-147.0019396551724
325000,-147.00193846153846
325200,-147.0019372693727
325400,-147.0019360786724
325600,-147.0019348894349
325800,-147.00193370165746
326000,-147.00193251533742
326200,-147.0019313304721
326400,-147.00193014705883
326600,-147.00192896509492
326800,-147.00192778457773
327000,-147.0019266055046
327200,-147.00192542787286
327400,-147.0019242516799
327600,-147.00192307692308
327800,-147.00192190359977
328000,-147.00192073170732
328200,-147.00191956124314
328400,-147.00191839220463
328600,-147.00191722458916
328800,-147.00191605839416
329000,-147.00191489361703
329200,-147.00191373025515
329400,-147.001912568306
329600,-147.00191140776698
329800,-147.00191024863554
330000,-147.0019090909091
330200,-147.0019079345851
330400,-147.00190677966103
330600,-147.0019056261343
330800,-147.00190447400243
331000,-147.00190332326284
331200,-147.00190217391304
331400,-147.0019010259505
331600,-147.00189987937273
331800,-147.00189873417722
332000,-147.00189759036144
332200,-147.00189644792295
332400,-147.0018953068592
332600,-147.00189416716776
332800,-147.00189302884615
333000,-147.0018918918919
333200,-147.00189075630252
333400,-147.0018896220756
333600,-147.00188848920862
333800,-147.00188735769922
334000,-147.0018862275449
334200,-147.00188509874326
334400,-147.00188397129187
334600,-147.00188284518828
334800,-147.0018817204301
335000,-147.00188059701492
335200,-147.00187947494032
335400,-147.00187835420394
335600,-147.00187723480335
335800,-147.00187611673616
336000,-147.001875
336200,-147.0018738845925
336400,-147.00187277051128
336600,-147.001871657754
336800,-147.0018705463183
337000,-147.0018694362018
337200,-147.00186832740212
337400,-147.00186721991702
337600,-147.0018661137441
337800,-147.001865008881
338000,-147.00186390532545
338200,-147.0018628030751
338400,-147.00186170212766
338600,-147.0018606024808
338800,-147.00185950413223
339000,-147.00185840707965
339200,-147.00185731132075
339400,-147.00185621685327
339600,-147.00185512367491
339800,-147.0018540317834
340000,-147.00185294117648
340200,-147.00185185185185
340400,-147.00185076380728
340600,-147.00184967704052
340800,-147.0018485915493
341000,-147.00184750733138
341200,-147.00184642438452
341400,-147.0018453427065
341600,-147.0018442622951
341800,-147.00184318314803
342000,-147.00184210526317
342200,-147.0018410286382
342400,-147.00183995327103
342600,-147.00183887915938
342800,-147.00183780630104
343000,-147.00183673469388
343200,-147.00183566433566
343400,-147.00183459522424
343600,-147.0018335273574
343800,-147.00183246073297
344000,-147.00183139534883
344200,-147.0018303312028
344400,-147.00182926829268
344600,-147.00182820661638
344800,-147.0018271461717
345000,-147.00182608695653
345200,-147.0018250289687
345400,-147.00182397220613
345600,-147.00182291666667
345800,-147.00182186234818
346000,-147.00182080924856
346200,-147.0018197573657
346400,-147.00181870669746
346600,-147.0018176572418
346800,-147.00181660899653
347000,-147.00181556195966
347200,-147.00181451612903
347400,-147.0018134715026
347600,-147.00181242807824
347800,-147.00181138585393
348000,-147.0018103448276
348200,-147.00180930499712
348400,-147.0018082663605
348600,-147.00180722891565
348800,-147.00180619266055
349000,-147.0018051575931
349200,-147.00180412371134
349400,-147.00180309101316
349600,-147.00180205949655
349800,-147.0018010291595
350000,-147.0018
350200,-147.001798972016
350400,-147.00179794520548
350600,-147.00179691956646
350800,-147.00179589509693
351000,-147.00179487179489
351200,-147.00179384965833
351400,-147.00179282868527
351600,-147.00179180887372
351800,-147.00179079022172
352000,-147.00178977272728
352200,-147.0017887563884
352400,-147.00178774120317
352600,-147.0017867271696
352800,-147.00178571428572
353000,-147.00178470254957
353200,-147.00178369195922
353400,-147.00178268251273
353600,-147.00178167420813
353800,-147.00178066704353
354000,-147.00177966101694
354200,-147.00177865612648
354400,-147.0017776523702
354600,-147.0017766497462
354800,-147.00177564825253
355000,-147.00177464788732
355200,-147.00177364864865
355400,-147.0017726505346
355600,-147.0017716535433
355800,-147.00177065767284
356000,-147.00176966292136
356200,-147.00176866928692
356400,-147.00176767676768
356600,-147.00176668536176
356800,-147.00176569506726
357000,-147.00176470588235
357200,-147.00176371780515
357400,-147.0017627308338
357600,-147.00176174496644
357800,-147.00176076020122
358000,-147.00175977653632
358200,-147.00175879396986
358400,-147.0017578125
358600,-147.00175683212493
358800,-147.00175585284282
359000,-147.00175487465182
359200,-147.00175389755012
359400,-147.00175292153588
359600,-147.00175194660733
359800,-147.00175097276264
360000,-147.00175
360200,-147.0017490283176
360400,-147.00174805771366
360600,-147.00174708818636
360800,-147.00174611973392
361000,-147.00174515235457
361200,-147.00174418604652
361400,-147.00174322080798
361600,-147.00174225663716
361800,-147.00174129353235
362000,-147.0017403314917
362200,-147.00173937051352
362400,-147.00173841059603
362600,-147.00173745173745
362800,-147.00173649393605
363000,-147.0017355371901
363200,-147.0017345814978
363400,-147.00173362685746
363600,-147.00173267326733
363800,-147.00173172072567
364000,-147.00173076923076
364200,-147.0017298187809
364400,-147.00172886937432
364600,-147.00172792100932
364800,-147.0017269736842
365000,-147.00172602739727
365200,-147.00172508214678
